

export const dummyAppData : string = `
Begin Map
Begin Actor Class=Brush Name=Brush7
    CsgOper=CSG_Subtract
    MainScale=(SheerAxis=SHEER_ZX)
    PostScale=(SheerAxis=SHEER_ZX)
    bDynamicLight=True
    Level=LevelInfo'MyLevel.LevelInfo0'
    Tag=Brush
    Region=(Zone=LevelInfo'MyLevel.LevelInfo0',iLeaf=-1)
    Location=(X=16.000000,Y=16.000000,Z=128.000000)
    OldLocation=(X=32.000000,Y=32.000000,Z=128.000000)
    bSelected=True
    Begin Brush Name=Model8
       Begin PolyList
          Begin Polygon
             Origin   -00512.000000,-00256.000000,-00128.000000
             Normal   -00001.000000,+00000.000000,+00000.000000
             TextureU +00000.000000,+00001.000000,+00000.000000
             TextureV +00000.000000,+00000.000000,-00001.000000
             Vertex   -00512.000000,-00256.000000,-00128.000000
             Vertex   -00512.000000,-00256.000000,+00128.000000
             Vertex   -00512.000000,+00256.000000,+00128.000000
             Vertex   -00512.000000,+00256.000000,-00128.000000
          End Polygon
          Begin Polygon
             Origin   -00512.000000,+00256.000000,-00128.000000
             Normal   +00000.000000,+00001.000000,+00000.000000
             TextureU +00001.000000,-00000.000000,+00000.000000
             TextureV +00000.000000,+00000.000000,-00001.000000
             Vertex   -00512.000000,+00256.000000,-00128.000000
             Vertex   -00512.000000,+00256.000000,+00128.000000
             Vertex   +00512.000000,+00256.000000,+00128.000000
             Vertex   +00512.000000,+00256.000000,-00128.000000
          End Polygon
          Begin Polygon
             Origin   +00512.000000,+00256.000000,-00128.000000
             Normal   +00001.000000,+00000.000000,+00000.000000
             TextureU +00000.000000,-00001.000000,+00000.000000
             TextureV +00000.000000,+00000.000000,-00001.000000
             Vertex   +00512.000000,+00256.000000,-00128.000000
             Vertex   +00512.000000,+00256.000000,+00128.000000
             Vertex   +00512.000000,-00256.000000,+00128.000000
             Vertex   +00512.000000,-00256.000000,-00128.000000
          End Polygon
          Begin Polygon
             Origin   +00512.000000,-00256.000000,-00128.000000
             Normal   +00000.000000,-00001.000000,+00000.000000
             TextureU -00001.000000,-00000.000000,-00000.000000
             TextureV +00000.000000,+00000.000000,-00001.000000
             Vertex   +00512.000000,-00256.000000,-00128.000000
             Vertex   +00512.000000,-00256.000000,+00128.000000
             Vertex   -00512.000000,-00256.000000,+00128.000000
             Vertex   -00512.000000,-00256.000000,-00128.000000
          End Polygon
          Begin Polygon
             Origin   -00512.000000,+00256.000000,+00128.000000
             Normal   +00000.000000,+00000.000000,+00001.000000
             TextureU +00001.000000,+00000.000000,+00000.000000
             TextureV +00000.000000,+00001.000000,+00000.000000
             Vertex   -00512.000000,+00256.000000,+00128.000000
             Vertex   -00512.000000,-00256.000000,+00128.000000
             Vertex   +00512.000000,-00256.000000,+00128.000000
             Vertex   +00512.000000,+00256.000000,+00128.000000
          End Polygon
          Begin Polygon
             Origin   -00512.000000,-00256.000000,-00128.000000
             Normal   +00000.000000,+00000.000000,-00001.000000
             TextureU +00001.000000,+00000.000000,+00000.000000
             TextureV +00000.000000,-00001.000000,+00000.000000
             Vertex   -00512.000000,-00256.000000,-00128.000000
             Vertex   -00512.000000,+00256.000000,-00128.000000
             Vertex   +00512.000000,+00256.000000,-00128.000000
             Vertex   +00512.000000,-00256.000000,-00128.000000
          End Polygon
       End PolyList
    End Brush
    Brush=Model'MyLevel.Model8'
    Name=Brush7
End Actor
Begin Actor Class=Brush Name=Brush8
    CsgOper=CSG_Add
    MainScale=(SheerAxis=SHEER_ZX)
    PostScale=(SheerAxis=SHEER_ZX)
    bDynamicLight=True
    Level=LevelInfo'MyLevel.LevelInfo0'
    Tag=Brush
    Region=(Zone=LevelInfo'MyLevel.LevelInfo0',iLeaf=-1)
    Location=(X=288.000000,Y=-176.000000,Z=64.000000)
    OldLocation=(X=304.000000,Y=-160.000000,Z=64.000000)
    bSelected=True
    Begin Brush Name=Model9
       Begin PolyList
          Begin Polygon
             Origin   +00064.000015,+00063.999996,-00064.000000
             Normal   +00001.000000,+00000.000000,+00000.000000
             TextureU +00000.000000,-00001.000000,+00000.000000
             TextureV +00000.000000,+00000.000000,-00001.000000
             Vertex   +00064.000015,+00063.999996,-00064.000000
             Vertex   +00064.000015,+00063.999996,+00064.000000
             Vertex   +00064.000015,-00063.999996,+00064.000000
             Vertex   +00064.000015,-00063.999996,-00064.000000
          End Polygon
          Begin Polygon
             Origin   -00064.000015,+00063.999996,-00064.000000
             Normal   +00000.000000,+00001.000000,+00000.000000
             TextureU +00001.000000,-00000.000000,+00000.000000
             TextureV +00000.000000,+00000.000000,-00001.000000
             Vertex   -00064.000015,+00063.999996,-00064.000000
             Vertex   -00064.000015,+00063.999996,+00064.000000
             Vertex   +00064.000015,+00063.999996,+00064.000000
             Vertex   +00064.000015,+00063.999996,-00064.000000
          End Polygon
          Begin Polygon
             Origin   -00064.000015,-00063.999996,-00064.000000
             Normal   -00001.000000,+00000.000000,+00000.000000
             TextureU +00000.000000,+00001.000000,+00000.000000
             TextureV +00000.000000,+00000.000000,-00001.000000
             Vertex   -00064.000015,-00063.999996,-00064.000000
             Vertex   -00064.000015,-00063.999996,+00064.000000
             Vertex   -00064.000015,+00063.999996,+00064.000000
             Vertex   -00064.000015,+00063.999996,-00064.000000
          End Polygon
          Begin Polygon
             Origin   +00064.000015,-00063.999996,-00064.000000
             Normal   +00000.000000,-00001.000000,+00000.000000
             TextureU -00001.000000,-00000.000000,-00000.000000
             TextureV +00000.000000,+00000.000000,-00001.000000
             Vertex   +00064.000015,-00063.999996,-00064.000000
             Vertex   +00064.000015,-00063.999996,+00064.000000
             Vertex   -00064.000015,-00063.999996,+00064.000000
             Vertex   -00064.000015,-00063.999996,-00064.000000
          End Polygon
          Begin Polygon
             Origin   -00064.000015,+00063.999996,+00064.000000
             Normal   +00000.000000,+00000.000000,+00001.000000
             TextureU +00001.000000,+00000.000000,+00000.000000
             TextureV +00000.000000,+00001.000000,+00000.000000
             Vertex   -00064.000015,+00063.999996,+00064.000000
             Vertex   -00064.000015,-00063.999996,+00064.000000
             Vertex   +00064.000015,-00063.999996,+00064.000000
             Vertex   +00064.000015,+00063.999996,+00064.000000
          End Polygon
          Begin Polygon
             Origin   -00064.000015,-00063.999996,-00064.000000
             Normal   +00000.000000,+00000.000000,-00001.000000
             TextureU +00001.000000,+00000.000000,+00000.000000
             TextureV +00000.000000,-00001.000000,+00000.000000
             Vertex   -00064.000015,-00063.999996,-00064.000000
             Vertex   -00064.000015,+00063.999996,-00064.000000
             Vertex   +00064.000015,+00063.999996,-00064.000000
             Vertex   +00064.000015,-00063.999996,-00064.000000
          End Polygon
       End PolyList
    End Brush
    Brush=Model'MyLevel.Model9'
    Name=Brush8
End Actor
Begin Actor Class=Brush Name=Brush9
    CsgOper=CSG_Add
    MainScale=(SheerAxis=SHEER_ZX)
    PostScale=(SheerAxis=SHEER_ZX)
    Level=LevelInfo'MyLevel.LevelInfo0'
    Tag=Brush
    Region=(Zone=LevelInfo'MyLevel.LevelInfo0',iLeaf=-1)
    Location=(X=112.000000,Y=-32.000000,Z=64.000000)
    OldLocation=(X=128.000000,Y=-16.000000,Z=64.000000)
    bSelected=True
    Begin Brush Name=Model10
       Begin PolyList
          Begin Polygon
             Origin   +00030.491800,+00085.218842,-00064.000000
             Normal   +00000.903989,+00000.427555,-00000.000000
             TextureU +00000.427555,-00000.903989,+00000.000000
             TextureV -00000.000000,-00000.000000,-00001.000000
             Vertex   +00030.491800,+00085.218842,-00064.000000
             Vertex   +00030.491800,+00085.218842,+00064.000000
             Vertex   +00085.218849,-00030.491776,+00064.000000
             Vertex   +00085.218849,-00030.491776,-00064.000000
          End Polygon
          Begin Polygon
             Origin   -00085.218849,+00030.491776,-00064.000000
             Normal   -00000.427555,+00000.903989,-00000.000000
             TextureU +00000.903989,+00000.427555,+00000.000000
             TextureV +00000.000000,-00000.000000,-00001.000000
             Vertex   -00085.218849,+00030.491776,-00064.000000
             Vertex   -00085.218849,+00030.491776,+00064.000000
             Vertex   +00030.491800,+00085.218842,+00064.000000
             Vertex   +00030.491800,+00085.218842,-00064.000000
          End Polygon
          Begin Polygon
             Origin   -00030.491800,-00085.218842,-00064.000000
             Normal   -00000.903989,-00000.427555,-00000.000000
             TextureU -00000.427555,+00000.903989,+00000.000000
             TextureV +00000.000000,+00000.000000,-00001.000000
             Vertex   -00030.491800,-00085.218842,-00064.000000
             Vertex   -00030.491800,-00085.218842,+00064.000000
             Vertex   -00085.218849,+00030.491776,+00064.000000
             Vertex   -00085.218849,+00030.491776,-00064.000000
          End Polygon
          Begin Polygon
             Origin   +00085.218849,-00030.491776,-00064.000000
             Normal   +00000.427555,-00000.903989,-00000.000000
             TextureU -00000.903989,-00000.427555,-00000.000000
             TextureV -00000.000000,+00000.000000,-00001.000000
             Vertex   +00085.218849,-00030.491776,-00064.000000
             Vertex   +00085.218849,-00030.491776,+00064.000000
             Vertex   -00030.491800,-00085.218842,+00064.000000
             Vertex   -00030.491800,-00085.218842,-00064.000000
          End Polygon
          Begin Polygon
             Origin   -00085.218849,+00030.491776,+00064.000000
             Normal   +00000.000000,+00000.000000,+00001.000000
             TextureU +00000.903989,+00000.427555,-00000.000000
             TextureV -00000.427555,+00000.903989,+00000.000000
             Vertex   -00085.218849,+00030.491776,+00064.000000
             Vertex   -00030.491800,-00085.218842,+00064.000000
             Vertex   +00085.218849,-00030.491776,+00064.000000
             Vertex   +00030.491800,+00085.218842,+00064.000000
          End Polygon
          Begin Polygon
             Origin   -00030.491800,-00085.218842,-00064.000000
             Normal   +00000.000000,+00000.000000,-00001.000000
             TextureU +00000.903989,+00000.427555,+00000.000000
             TextureV +00000.427555,-00000.903989,+00000.000000
             Vertex   -00030.491800,-00085.218842,-00064.000000
             Vertex   -00085.218849,+00030.491776,-00064.000000
             Vertex   +00030.491800,+00085.218842,-00064.000000
             Vertex   +00085.218849,-00030.491776,-00064.000000
          End Polygon
       End PolyList
    End Brush
    Brush=Model'MyLevel.Model10'
    Name=Brush9
End Actor
Begin Actor Class=Brush Name=Brush10
    CsgOper=CSG_Add
    MainScale=(SheerAxis=SHEER_ZX)
    PostScale=(SheerAxis=SHEER_ZX)
    bDynamicLight=True
    Level=LevelInfo'MyLevel.LevelInfo0'
    Tag=Brush
    Region=(Zone=LevelInfo'MyLevel.LevelInfo0',iLeaf=-1)
    Location=(X=-416.000000,Y=160.000000,Z=64.000000)
    OldLocation=(X=-400.000000,Y=176.000000,Z=64.000000)
    bSelected=True
    Begin Brush Name=Model11
       Begin PolyList
          Begin Polygon
             Origin   +00030.491800,+00085.218842,-00064.000000
             Normal   +00000.903989,+00000.427555,-00000.000000
             TextureU +00000.427555,-00000.903989,+00000.000000
             TextureV -00000.000000,-00000.000000,-00001.000000
             Vertex   +00030.491800,+00085.218842,-00064.000000
             Vertex   +00030.491800,+00085.218842,+00064.000000
             Vertex   +00085.218849,-00030.491776,+00064.000000
             Vertex   +00085.218849,-00030.491776,-00064.000000
          End Polygon
          Begin Polygon
             Origin   -00085.218849,+00030.491776,-00064.000000
             Normal   -00000.427555,+00000.903989,-00000.000000
             TextureU +00000.903989,+00000.427555,+00000.000000
             TextureV +00000.000000,-00000.000000,-00001.000000
             Vertex   -00085.218849,+00030.491776,-00064.000000
             Vertex   -00085.218849,+00030.491776,+00064.000000
             Vertex   +00030.491800,+00085.218842,+00064.000000
             Vertex   +00030.491800,+00085.218842,-00064.000000
          End Polygon
          Begin Polygon
             Origin   -00030.491800,-00085.218842,-00064.000000
             Normal   -00000.903989,-00000.427555,-00000.000000
             TextureU -00000.427555,+00000.903989,+00000.000000
             TextureV +00000.000000,+00000.000000,-00001.000000
             Vertex   -00030.491800,-00085.218842,-00064.000000
             Vertex   -00030.491800,-00085.218842,+00064.000000
             Vertex   -00085.218849,+00030.491776,+00064.000000
             Vertex   -00085.218849,+00030.491776,-00064.000000
          End Polygon
          Begin Polygon
             Origin   +00085.218849,-00030.491776,-00064.000000
             Normal   +00000.427555,-00000.903989,-00000.000000
             TextureU -00000.903989,-00000.427555,-00000.000000
             TextureV -00000.000000,+00000.000000,-00001.000000
             Vertex   +00085.218849,-00030.491776,-00064.000000
             Vertex   +00085.218849,-00030.491776,+00064.000000
             Vertex   -00030.491800,-00085.218842,+00064.000000
             Vertex   -00030.491800,-00085.218842,-00064.000000
          End Polygon
          Begin Polygon
             Origin   -00085.218849,+00030.491776,+00064.000000
             Normal   +00000.000000,+00000.000000,+00001.000000
             TextureU +00000.903989,+00000.427555,-00000.000000
             TextureV -00000.427555,+00000.903989,+00000.000000
             Vertex   -00085.218849,+00030.491776,+00064.000000
             Vertex   -00030.491800,-00085.218842,+00064.000000
             Vertex   +00085.218849,-00030.491776,+00064.000000
             Vertex   +00030.491800,+00085.218842,+00064.000000
          End Polygon
          Begin Polygon
             Origin   -00030.491800,-00085.218842,-00064.000000
             Normal   +00000.000000,+00000.000000,-00001.000000
             TextureU +00000.903989,+00000.427555,+00000.000000
             TextureV +00000.427555,-00000.903989,+00000.000000
             Vertex   -00030.491800,-00085.218842,-00064.000000
             Vertex   -00085.218849,+00030.491776,-00064.000000
             Vertex   +00030.491800,+00085.218842,-00064.000000
             Vertex   +00085.218849,-00030.491776,-00064.000000
          End Polygon
       End PolyList
    End Brush
    Brush=Model'MyLevel.Model11'
    Name=Brush10
End Actor
End Map

`