

export const dummyAppData : string = `
Begin Map
Begin Actor Class=Brush Name=Brush0
    MainScale=(SheerAxis=SHEER_ZX)
    PostScale=(SheerAxis=SHEER_ZX)
    TempScale=(SheerAxis=SHEER_ZX)
    bDynamicLight=True
    Group=Cylinder
    Level=LevelInfo'MyLevel.LevelInfo0'
    Tag=Brush
    Region=(Zone=LevelInfo'MyLevel.LevelInfo0',iLeaf=-1)
    Location=(X=592.000000,Y=496.000000,Z=128.000000)
    bSelected=True
    Brush=Model'MyLevel.Brush'
    Name=Brush0
End Actor
Begin Actor Class=Brush Name=Brush32
    CsgOper=CSG_Subtract
    MainScale=(SheerAxis=SHEER_ZX)
    PostScale=(SheerAxis=SHEER_ZX)
    bDynamicLight=True
    Level=LevelInfo'MyLevel.LevelInfo0'
    Tag=Brush
    Region=(Zone=LevelInfo'MyLevel.LevelInfo0',iLeaf=-1)
    Location=(X=16.000000,Y=16.000000,Z=128.000000)
    OldLocation=(X=32.000000,Y=32.000000,Z=128.000000)
    bSelected=True
    Begin Brush Name=Model33
       Begin PolyList
          Begin Polygon
             Origin   -00512.000000,-00256.000000,-00128.000000
             Normal   -00001.000000,+00000.000000,+00000.000000
             TextureU +00000.000000,+00001.000000,+00000.000000
             TextureV +00000.000000,+00000.000000,-00001.000000
             Vertex   -00512.000000,-00256.000000,-00128.000000
             Vertex   -00512.000000,-00256.000000,+00128.000000
             Vertex   -00512.000000,+00256.000000,+00128.000000
             Vertex   -00512.000000,+00256.000000,-00128.000000
          End Polygon
          Begin Polygon
             Origin   -00512.000000,+00256.000000,-00128.000000
             Normal   +00000.000000,+00001.000000,+00000.000000
             TextureU +00001.000000,-00000.000000,+00000.000000
             TextureV +00000.000000,+00000.000000,-00001.000000
             Vertex   -00512.000000,+00256.000000,-00128.000000
             Vertex   -00512.000000,+00256.000000,+00128.000000
             Vertex   +00512.000000,+00256.000000,+00128.000000
             Vertex   +00512.000000,+00256.000000,-00128.000000
          End Polygon
          Begin Polygon
             Origin   +00512.000000,+00256.000000,-00128.000000
             Normal   +00001.000000,+00000.000000,+00000.000000
             TextureU +00000.000000,-00001.000000,+00000.000000
             TextureV +00000.000000,+00000.000000,-00001.000000
             Vertex   +00512.000000,+00256.000000,-00128.000000
             Vertex   +00512.000000,+00256.000000,+00128.000000
             Vertex   +00512.000000,-00256.000000,+00128.000000
             Vertex   +00512.000000,-00256.000000,-00128.000000
          End Polygon
          Begin Polygon
             Origin   +00512.000000,-00256.000000,-00128.000000
             Normal   +00000.000000,-00001.000000,+00000.000000
             TextureU -00001.000000,-00000.000000,-00000.000000
             TextureV +00000.000000,+00000.000000,-00001.000000
             Vertex   +00512.000000,-00256.000000,-00128.000000
             Vertex   +00512.000000,-00256.000000,+00128.000000
             Vertex   -00512.000000,-00256.000000,+00128.000000
             Vertex   -00512.000000,-00256.000000,-00128.000000
          End Polygon
          Begin Polygon
             Origin   -00512.000000,+00256.000000,+00128.000000
             Normal   +00000.000000,+00000.000000,+00001.000000
             TextureU +00001.000000,+00000.000000,+00000.000000
             TextureV +00000.000000,+00001.000000,+00000.000000
             Vertex   -00512.000000,+00256.000000,+00128.000000
             Vertex   -00512.000000,-00256.000000,+00128.000000
             Vertex   +00512.000000,-00256.000000,+00128.000000
             Vertex   +00512.000000,+00256.000000,+00128.000000
          End Polygon
          Begin Polygon
             Origin   -00512.000000,-00256.000000,-00128.000000
             Normal   +00000.000000,+00000.000000,-00001.000000
             TextureU +00001.000000,+00000.000000,+00000.000000
             TextureV +00000.000000,-00001.000000,+00000.000000
             Vertex   -00512.000000,-00256.000000,-00128.000000
             Vertex   -00512.000000,+00256.000000,-00128.000000
             Vertex   +00512.000000,+00256.000000,-00128.000000
             Vertex   +00512.000000,-00256.000000,-00128.000000
          End Polygon
       End PolyList
    End Brush
    Brush=Model'MyLevel.Model33'
    Name=Brush32
End Actor
Begin Actor Class=Brush Name=Brush33
    CsgOper=CSG_Add
    MainScale=(SheerAxis=SHEER_ZX)
    PostScale=(SheerAxis=SHEER_ZX)
    bDynamicLight=True
    Level=LevelInfo'MyLevel.LevelInfo0'
    Tag=Brush
    Region=(Zone=LevelInfo'MyLevel.LevelInfo0',iLeaf=-1)
    Location=(X=288.000000,Y=-176.000000,Z=64.000000)
    OldLocation=(X=304.000000,Y=-160.000000,Z=64.000000)
    bSelected=True
    Begin Brush Name=Model34
       Begin PolyList
          Begin Polygon
             Origin   +00064.000015,+00063.999996,-00064.000000
             Normal   +00001.000000,+00000.000000,+00000.000000
             TextureU +00000.000000,-00001.000000,+00000.000000
             TextureV +00000.000000,+00000.000000,-00001.000000
             Vertex   +00064.000015,+00063.999996,-00064.000000
             Vertex   +00064.000015,+00063.999996,+00064.000000
             Vertex   +00064.000015,-00063.999996,+00064.000000
             Vertex   +00064.000015,-00063.999996,-00064.000000
          End Polygon
          Begin Polygon
             Origin   -00064.000015,+00063.999996,-00064.000000
             Normal   +00000.000000,+00001.000000,+00000.000000
             TextureU +00001.000000,-00000.000000,+00000.000000
             TextureV +00000.000000,+00000.000000,-00001.000000
             Vertex   -00064.000015,+00063.999996,-00064.000000
             Vertex   -00064.000015,+00063.999996,+00064.000000
             Vertex   +00064.000015,+00063.999996,+00064.000000
             Vertex   +00064.000015,+00063.999996,-00064.000000
          End Polygon
          Begin Polygon
             Origin   -00064.000015,-00063.999996,-00064.000000
             Normal   -00001.000000,+00000.000000,+00000.000000
             TextureU +00000.000000,+00001.000000,+00000.000000
             TextureV +00000.000000,+00000.000000,-00001.000000
             Vertex   -00064.000015,-00063.999996,-00064.000000
             Vertex   -00064.000015,-00063.999996,+00064.000000
             Vertex   -00064.000015,+00063.999996,+00064.000000
             Vertex   -00064.000015,+00063.999996,-00064.000000
          End Polygon
          Begin Polygon
             Origin   +00064.000015,-00063.999996,-00064.000000
             Normal   +00000.000000,-00001.000000,+00000.000000
             TextureU -00001.000000,-00000.000000,-00000.000000
             TextureV +00000.000000,+00000.000000,-00001.000000
             Vertex   +00064.000015,-00063.999996,-00064.000000
             Vertex   +00064.000015,-00063.999996,+00064.000000
             Vertex   -00064.000015,-00063.999996,+00064.000000
             Vertex   -00064.000015,-00063.999996,-00064.000000
          End Polygon
          Begin Polygon
             Origin   -00064.000015,+00063.999996,+00064.000000
             Normal   +00000.000000,+00000.000000,+00001.000000
             TextureU +00001.000000,+00000.000000,+00000.000000
             TextureV +00000.000000,+00001.000000,+00000.000000
             Vertex   -00064.000015,+00063.999996,+00064.000000
             Vertex   -00064.000015,-00063.999996,+00064.000000
             Vertex   +00064.000015,-00063.999996,+00064.000000
             Vertex   +00064.000015,+00063.999996,+00064.000000
          End Polygon
          Begin Polygon
             Origin   -00064.000015,-00063.999996,-00064.000000
             Normal   +00000.000000,+00000.000000,-00001.000000
             TextureU +00001.000000,+00000.000000,+00000.000000
             TextureV +00000.000000,-00001.000000,+00000.000000
             Vertex   -00064.000015,-00063.999996,-00064.000000
             Vertex   -00064.000015,+00063.999996,-00064.000000
             Vertex   +00064.000015,+00063.999996,-00064.000000
             Vertex   +00064.000015,-00063.999996,-00064.000000
          End Polygon
       End PolyList
    End Brush
    Brush=Model'MyLevel.Model34'
    Name=Brush33
End Actor
Begin Actor Class=Brush Name=Brush34
    CsgOper=CSG_Add
    MainScale=(SheerAxis=SHEER_ZX)
    PostScale=(SheerAxis=SHEER_ZX)
    bDynamicLight=True
    Level=LevelInfo'MyLevel.LevelInfo0'
    Tag=Brush
    Region=(Zone=LevelInfo'MyLevel.LevelInfo0',iLeaf=-1)
    Location=(X=144.000000,Y=-32.000000,Z=64.000000)
    OldLocation=(X=160.000000,Y=-16.000000,Z=64.000000)
    bSelected=True
    Begin Brush Name=Model35
       Begin PolyList
          Begin Polygon
             Origin   +00030.491800,+00085.218842,-00064.000000
             Normal   +00000.903989,+00000.427555,-00000.000000
             TextureU +00000.427555,-00000.903989,+00000.000000
             TextureV -00000.000000,-00000.000000,-00001.000000
             Vertex   +00030.491800,+00085.218842,-00064.000000
             Vertex   +00030.491800,+00085.218842,+00064.000000
             Vertex   +00085.218849,-00030.491776,+00064.000000
             Vertex   +00085.218849,-00030.491776,-00064.000000
          End Polygon
          Begin Polygon
             Origin   -00085.218849,+00030.491776,-00064.000000
             Normal   -00000.427555,+00000.903989,-00000.000000
             TextureU +00000.903989,+00000.427555,+00000.000000
             TextureV +00000.000000,-00000.000000,-00001.000000
             Vertex   -00085.218849,+00030.491776,-00064.000000
             Vertex   -00085.218849,+00030.491776,+00064.000000
             Vertex   +00030.491800,+00085.218842,+00064.000000
             Vertex   +00030.491800,+00085.218842,-00064.000000
          End Polygon
          Begin Polygon
             Origin   -00030.491800,-00085.218842,-00064.000000
             Normal   -00000.903989,-00000.427555,-00000.000000
             TextureU -00000.427555,+00000.903989,+00000.000000
             TextureV +00000.000000,+00000.000000,-00001.000000
             Vertex   -00030.491800,-00085.218842,-00064.000000
             Vertex   -00030.491800,-00085.218842,+00064.000000
             Vertex   -00085.218849,+00030.491776,+00064.000000
             Vertex   -00085.218849,+00030.491776,-00064.000000
          End Polygon
          Begin Polygon
             Origin   +00085.218849,-00030.491776,-00064.000000
             Normal   +00000.427555,-00000.903989,-00000.000000
             TextureU -00000.903989,-00000.427555,-00000.000000
             TextureV -00000.000000,+00000.000000,-00001.000000
             Vertex   +00085.218849,-00030.491776,-00064.000000
             Vertex   +00085.218849,-00030.491776,+00064.000000
             Vertex   -00030.491800,-00085.218842,+00064.000000
             Vertex   -00030.491800,-00085.218842,-00064.000000
          End Polygon
          Begin Polygon
             Origin   -00085.218849,+00030.491776,+00064.000000
             Normal   +00000.000000,+00000.000000,+00001.000000
             TextureU +00000.903989,+00000.427555,-00000.000000
             TextureV -00000.427555,+00000.903989,+00000.000000
             Vertex   -00085.218849,+00030.491776,+00064.000000
             Vertex   -00030.491800,-00085.218842,+00064.000000
             Vertex   +00085.218849,-00030.491776,+00064.000000
             Vertex   +00030.491800,+00085.218842,+00064.000000
          End Polygon
          Begin Polygon
             Origin   -00030.491800,-00085.218842,-00064.000000
             Normal   +00000.000000,+00000.000000,-00001.000000
             TextureU +00000.903989,+00000.427555,+00000.000000
             TextureV +00000.427555,-00000.903989,+00000.000000
             Vertex   -00030.491800,-00085.218842,-00064.000000
             Vertex   -00085.218849,+00030.491776,-00064.000000
             Vertex   +00030.491800,+00085.218842,-00064.000000
             Vertex   +00085.218849,-00030.491776,-00064.000000
          End Polygon
       End PolyList
    End Brush
    Brush=Model'MyLevel.Model35'
    Name=Brush34
End Actor
Begin Actor Class=Brush Name=Brush35
    CsgOper=CSG_Add
    MainScale=(SheerAxis=SHEER_ZX)
    PostScale=(SheerAxis=SHEER_ZX)
    bDynamicLight=True
    Level=LevelInfo'MyLevel.LevelInfo0'
    Tag=Brush
    Region=(Zone=LevelInfo'MyLevel.LevelInfo0',iLeaf=-1)
    Location=(X=-416.000000,Y=192.000000,Z=64.000000)
    OldLocation=(X=-400.000000,Y=208.000000,Z=64.000000)
    bSelected=True
    Begin Brush Name=Model36
       Begin PolyList
          Begin Polygon
             Origin   +00075.256042,+00050.284477,-00064.000000
             Normal   +00000.980785,-00000.195090,+00000.000000
             TextureU -00000.195090,-00000.980785,-00000.000000
             TextureV +00000.000000,+00000.000000,-00001.000000
             Vertex   +00075.256042,+00050.284477,-00064.000000
             Vertex   +00075.256042,+00050.284477,+00064.000000
             Vertex   +00050.284500,-00075.256027,+00064.000000
             Vertex   +00050.284500,-00075.256027,-00064.000000
          End Polygon
          Begin Polygon
             Origin   -00050.284500,+00075.256027,-00064.000000
             Normal   +00000.195090,+00000.980785,+00000.000000
             TextureU +00000.980785,-00000.195090,+00000.000000
             TextureV +00000.000000,+00000.000000,-00001.000000
             Vertex   -00050.284500,+00075.256027,-00064.000000
             Vertex   -00050.284500,+00075.256027,+00064.000000
             Vertex   +00075.256042,+00050.284477,+00064.000000
             Vertex   +00075.256042,+00050.284477,-00064.000000
          End Polygon
          Begin Polygon
             Origin   -00075.256042,-00050.284477,-00064.000000
             Normal   -00000.980785,+00000.195090,+00000.000000
             TextureU +00000.195090,+00000.980785,+00000.000000
             TextureV +00000.000000,+00000.000000,-00001.000000
             Vertex   -00075.256042,-00050.284477,-00064.000000
             Vertex   -00075.256042,-00050.284477,+00064.000000
             Vertex   -00050.284500,+00075.256027,+00064.000000
             Vertex   -00050.284500,+00075.256027,-00064.000000
          End Polygon
          Begin Polygon
             Origin   +00050.284500,-00075.256027,-00064.000000
             Normal   -00000.195090,-00000.980785,+00000.000000
             TextureU -00000.980785,+00000.195090,+00000.000000
             TextureV -00000.000000,+00000.000000,-00001.000000
             Vertex   +00050.284500,-00075.256027,-00064.000000
             Vertex   +00050.284500,-00075.256027,+00064.000000
             Vertex   -00075.256042,-00050.284477,+00064.000000
             Vertex   -00075.256042,-00050.284477,-00064.000000
          End Polygon
          Begin Polygon
             Origin   -00050.284500,+00075.256027,+00064.000000
             Normal   +00000.000000,+00000.000000,+00001.000000
             TextureU +00000.980785,-00000.195090,+00000.000000
             TextureV +00000.195090,+00000.980785,-00000.000000
             Vertex   -00050.284500,+00075.256027,+00064.000000
             Vertex   -00075.256042,-00050.284477,+00064.000000
             Vertex   +00050.284500,-00075.256027,+00064.000000
             Vertex   +00075.256042,+00050.284477,+00064.000000
          End Polygon
          Begin Polygon
             Origin   -00075.256042,-00050.284477,-00064.000000
             Normal   +00000.000000,+00000.000000,-00001.000000
             TextureU +00000.980785,-00000.195090,+00000.000000
             TextureV -00000.195090,-00000.980785,-00000.000000
             Vertex   -00075.256042,-00050.284477,-00064.000000
             Vertex   -00050.284500,+00075.256027,-00064.000000
             Vertex   +00075.256042,+00050.284477,-00064.000000
             Vertex   +00050.284500,-00075.256027,-00064.000000
          End Polygon
       End PolyList
    End Brush
    Brush=Model'MyLevel.Model36'
    Name=Brush35
End Actor
Begin Actor Class=Brush Name=Brush36
    CsgOper=CSG_Add
    MainScale=(SheerAxis=SHEER_ZX)
    PostScale=(SheerAxis=SHEER_ZX)
    bDynamicLight=True
    Level=LevelInfo'MyLevel.LevelInfo0'
    Tag=Brush
    Region=(Zone=LevelInfo'MyLevel.LevelInfo0',iLeaf=-1)
    Location=(X=176.000000,Y=-160.000000,Z=32.000000)
    OldLocation=(X=192.000000,Y=-144.000000,Z=32.000000)
    bSelected=True
    Begin Brush Name=Model37
       Begin PolyList
          Begin Polygon
             Origin   +00037.628021,+00025.142239,-00032.000000
             Normal   +00000.980785,-00000.195090,+00000.000000
             TextureU -00000.195090,-00000.980785,-00000.000000
             TextureV +00000.000000,+00000.000000,-00001.000000
             Vertex   +00037.628021,+00025.142239,-00032.000000
             Vertex   +00037.628021,+00025.142239,+00032.000000
             Vertex   +00025.142250,-00037.628014,+00032.000000
             Vertex   +00025.142250,-00037.628014,-00032.000000
          End Polygon
          Begin Polygon
             Origin   -00025.142250,+00037.628014,-00032.000000
             Normal   +00000.195090,+00000.980785,+00000.000000
             TextureU +00000.980785,-00000.195090,+00000.000000
             TextureV +00000.000000,+00000.000000,-00001.000000
             Vertex   -00025.142250,+00037.628014,-00032.000000
             Vertex   -00025.142250,+00037.628014,+00032.000000
             Vertex   +00037.628021,+00025.142239,+00032.000000
             Vertex   +00037.628021,+00025.142239,-00032.000000
          End Polygon
          Begin Polygon
             Origin   -00037.628021,-00025.142239,-00032.000000
             Normal   -00000.980785,+00000.195090,+00000.000000
             TextureU +00000.195090,+00000.980785,+00000.000000
             TextureV +00000.000000,+00000.000000,-00001.000000
             Vertex   -00037.628021,-00025.142239,-00032.000000
             Vertex   -00037.628021,-00025.142239,+00032.000000
             Vertex   -00025.142250,+00037.628014,+00032.000000
             Vertex   -00025.142250,+00037.628014,-00032.000000
          End Polygon
          Begin Polygon
             Origin   +00025.142250,-00037.628014,-00032.000000
             Normal   -00000.195090,-00000.980785,+00000.000000
             TextureU -00000.980785,+00000.195090,+00000.000000
             TextureV -00000.000000,+00000.000000,-00001.000000
             Vertex   +00025.142250,-00037.628014,-00032.000000
             Vertex   +00025.142250,-00037.628014,+00032.000000
             Vertex   -00037.628021,-00025.142239,+00032.000000
             Vertex   -00037.628021,-00025.142239,-00032.000000
          End Polygon
          Begin Polygon
             Origin   -00025.142250,+00037.628014,+00032.000000
             Normal   +00000.000000,+00000.000000,+00001.000000
             TextureU +00000.980785,-00000.195090,+00000.000000
             TextureV +00000.195090,+00000.980785,-00000.000000
             Vertex   -00025.142250,+00037.628014,+00032.000000
             Vertex   -00037.628021,-00025.142239,+00032.000000
             Vertex   +00025.142250,-00037.628014,+00032.000000
             Vertex   +00037.628021,+00025.142239,+00032.000000
          End Polygon
          Begin Polygon
             Origin   -00037.628021,-00025.142239,-00032.000000
             Normal   +00000.000000,+00000.000000,-00001.000000
             TextureU +00000.980785,-00000.195090,+00000.000000
             TextureV -00000.195090,-00000.980785,-00000.000000
             Vertex   -00037.628021,-00025.142239,-00032.000000
             Vertex   -00025.142250,+00037.628014,-00032.000000
             Vertex   +00037.628021,+00025.142239,-00032.000000
             Vertex   +00025.142250,-00037.628014,-00032.000000
          End Polygon
       End PolyList
    End Brush
    Brush=Model'MyLevel.Model37'
    Name=Brush36
End Actor
Begin Actor Class=Brush Name=Brush37
    CsgOper=CSG_Add
    MainScale=(SheerAxis=SHEER_ZX)
    PostScale=(SheerAxis=SHEER_ZX)
    bDynamicLight=True
    Level=LevelInfo'MyLevel.LevelInfo0'
    Tag=Brush
    Region=(Zone=LevelInfo'MyLevel.LevelInfo0',iLeaf=-1)
    Location=(X=288.000000,Y=-192.000000,Z=160.000000)
    Rotation=(Yaw=6144)
    OldLocation=(X=304.000000,Y=-176.000000,Z=160.000000)
    bSelected=True
    Begin Brush Name=Model38
       Begin PolyList
          Begin Polygon
             Origin   +00037.628021,+00025.142239,-00032.000000
             Normal   +00000.980785,-00000.195090,+00000.000000
             TextureU -00000.195090,-00000.980785,-00000.000000
             TextureV +00000.000000,+00000.000000,-00001.000000
             Vertex   +00037.628021,+00025.142239,-00032.000000
             Vertex   +00037.628021,+00025.142239,+00032.000000
             Vertex   +00025.142250,-00037.628014,+00032.000000
             Vertex   +00025.142250,-00037.628014,-00032.000000
          End Polygon
          Begin Polygon
             Origin   -00025.142250,+00037.628014,-00032.000000
             Normal   +00000.195090,+00000.980785,+00000.000000
             TextureU +00000.980785,-00000.195090,+00000.000000
             TextureV +00000.000000,+00000.000000,-00001.000000
             Vertex   -00025.142250,+00037.628014,-00032.000000
             Vertex   -00025.142250,+00037.628014,+00032.000000
             Vertex   +00037.628021,+00025.142239,+00032.000000
             Vertex   +00037.628021,+00025.142239,-00032.000000
          End Polygon
          Begin Polygon
             Origin   -00037.628021,-00025.142239,-00032.000000
             Normal   -00000.980785,+00000.195090,+00000.000000
             TextureU +00000.195090,+00000.980785,+00000.000000
             TextureV +00000.000000,+00000.000000,-00001.000000
             Vertex   -00037.628021,-00025.142239,-00032.000000
             Vertex   -00037.628021,-00025.142239,+00032.000000
             Vertex   -00025.142250,+00037.628014,+00032.000000
             Vertex   -00025.142250,+00037.628014,-00032.000000
          End Polygon
          Begin Polygon
             Origin   +00025.142250,-00037.628014,-00032.000000
             Normal   -00000.195090,-00000.980785,+00000.000000
             TextureU -00000.980785,+00000.195090,+00000.000000
             TextureV -00000.000000,+00000.000000,-00001.000000
             Vertex   +00025.142250,-00037.628014,-00032.000000
             Vertex   +00025.142250,-00037.628014,+00032.000000
             Vertex   -00037.628021,-00025.142239,+00032.000000
             Vertex   -00037.628021,-00025.142239,-00032.000000
          End Polygon
          Begin Polygon
             Origin   -00025.142250,+00037.628014,+00032.000000
             Normal   +00000.000000,+00000.000000,+00001.000000
             TextureU +00000.980785,-00000.195090,+00000.000000
             TextureV +00000.195090,+00000.980785,-00000.000000
             Vertex   -00025.142250,+00037.628014,+00032.000000
             Vertex   -00037.628021,-00025.142239,+00032.000000
             Vertex   +00025.142250,-00037.628014,+00032.000000
             Vertex   +00037.628021,+00025.142239,+00032.000000
          End Polygon
          Begin Polygon
             Origin   -00037.628021,-00025.142239,-00032.000000
             Normal   +00000.000000,+00000.000000,-00001.000000
             TextureU +00000.980785,-00000.195090,+00000.000000
             TextureV -00000.195090,-00000.980785,-00000.000000
             Vertex   -00037.628021,-00025.142239,-00032.000000
             Vertex   -00025.142250,+00037.628014,-00032.000000
             Vertex   +00037.628021,+00025.142239,-00032.000000
             Vertex   +00025.142250,-00037.628014,-00032.000000
          End Polygon
       End PolyList
    End Brush
    Brush=Model'MyLevel.Model38'
    Name=Brush37
End Actor
Begin Actor Class=Brush Name=Brush38
    CsgOper=CSG_Add
    MainScale=(SheerAxis=SHEER_ZX)
    PostScale=(SheerAxis=SHEER_ZX)
    PolyFlags=32
    Level=LevelInfo'MyLevel.LevelInfo0'
    Tag=Brush
    Region=(Zone=LevelInfo'MyLevel.LevelInfo0',iLeaf=-1)
    Location=(X=-112.000000,Y=240.000000,Z=128.000000)
    OldLocation=(X=-96.000000,Y=256.000000,Z=128.000000)
    bSelected=True
    Begin Brush Name=Model39
       Begin PolyList
          Begin Polygon Item=Wall
             Origin   +00000.000000,+00032.000000,-00128.000000
             Normal   +00000.382683,+00000.923880,+00000.000000
             TextureU +00000.923880,-00000.382683,+00000.000000
             TextureV +00000.000000,+00000.000000,-00001.000000
             Vertex   +00000.000000,+00032.000000,-00128.000000
             Vertex   +00000.000000,+00032.000000,+00128.000000
             Vertex   +00022.627417,+00022.627417,+00128.000000
             Vertex   +00022.627417,+00022.627417,-00128.000000
          End Polygon
          Begin Polygon Item=Wall
             Origin   +00022.627417,+00022.627417,-00128.000000
             Normal   +00000.923880,+00000.382683,+00000.000000
             TextureU +00000.382683,-00000.923880,+00000.000000
             TextureV +00000.000000,+00000.000000,-00001.000000
             Vertex   +00022.627417,+00022.627417,-00128.000000
             Vertex   +00022.627417,+00022.627417,+00128.000000
             Vertex   +00032.000000,-00000.000001,+00128.000000
             Vertex   +00032.000000,-00000.000001,-00128.000000
          End Polygon
          Begin Polygon Item=Wall
             Origin   +00032.000000,-00000.000001,-00128.000000
             Normal   +00000.923880,-00000.382683,+00000.000000
             TextureU -00000.382683,-00000.923880,-00000.000000
             TextureV +00000.000000,-00000.000000,-00001.000000
             Vertex   +00032.000000,-00000.000001,-00128.000000
             Vertex   +00032.000000,-00000.000001,+00128.000000
             Vertex   +00022.627417,-00022.627417,+00128.000000
             Vertex   +00022.627417,-00022.627417,-00128.000000
          End Polygon
          Begin Polygon Item=Wall
             Origin   +00022.627417,-00022.627417,-00128.000000
             Normal   +00000.382683,-00000.923880,-00000.000000
             TextureU -00000.923880,-00000.382683,-00000.000000
             TextureV -00000.000000,+00000.000000,-00001.000000
             Vertex   +00022.627417,-00022.627417,-00128.000000
             Vertex   +00022.627417,-00022.627417,+00128.000000
             Vertex   -00000.000003,-00032.000000,+00128.000000
             Vertex   -00000.000003,-00032.000000,-00128.000000
          End Polygon
          Begin Polygon Item=Wall
             Origin   -00000.000003,-00032.000000,-00128.000000
             Normal   -00000.382684,-00000.923880,-00000.000000
             TextureU -00000.923880,+00000.382684,+00000.000000
             TextureV +00000.000000,+00000.000000,-00001.000000
             Vertex   -00000.000003,-00032.000000,-00128.000000
             Vertex   -00000.000003,-00032.000000,+00128.000000
             Vertex   -00022.627420,-00022.627413,+00128.000000
             Vertex   -00022.627420,-00022.627413,-00128.000000
          End Polygon
          Begin Polygon Item=Wall
             Origin   -00022.627420,-00022.627413,-00128.000000
             Normal   -00000.923880,-00000.382683,-00000.000000
             TextureU -00000.382683,+00000.923880,+00000.000000
             TextureV +00000.000000,+00000.000000,-00001.000000
             Vertex   -00022.627420,-00022.627413,-00128.000000
             Vertex   -00022.627420,-00022.627413,+00128.000000
             Vertex   -00032.000000,+00000.000000,+00128.000000
             Vertex   -00032.000000,+00000.000000,-00128.000000
          End Polygon
          Begin Polygon Item=Wall
             Origin   -00032.000000,+00000.000000,-00128.000000
             Normal   -00000.923879,+00000.382684,-00000.000000
             TextureU +00000.382684,+00000.923879,+00000.000000
             TextureV +00000.000000,-00000.000000,-00001.000000
             Vertex   -00032.000000,+00000.000000,-00128.000000
             Vertex   -00032.000000,+00000.000000,+00128.000000
             Vertex   -00022.627409,+00022.627424,+00128.000000
             Vertex   -00022.627409,+00022.627424,-00128.000000
          End Polygon
          Begin Polygon Item=Wall
             Origin   -00022.627409,+00022.627424,-00128.000000
             Normal   -00000.382683,+00000.923880,+00000.000000
             TextureU +00000.923880,+00000.382683,+00000.000000
             TextureV +00000.000000,+00000.000000,-00001.000000
             Vertex   -00022.627409,+00022.627424,-00128.000000
             Vertex   -00022.627409,+00022.627424,+00128.000000
             Vertex   +00000.000000,+00032.000000,+00128.000000
             Vertex   +00000.000000,+00032.000000,-00128.000000
          End Polygon
          Begin Polygon Item=Cap
             Origin   -00022.627409,+00022.627424,+00128.000000
             Normal   +00000.000000,+00000.000000,+00001.000000
             TextureU +00000.923879,-00000.382684,+00000.000000
             TextureV +00000.382684,+00000.923879,-00000.000000
             Vertex   -00022.627409,+00022.627424,+00128.000000
             Vertex   -00032.000000,+00000.000000,+00128.000000
             Vertex   -00022.627420,-00022.627413,+00128.000000
             Vertex   -00000.000003,-00032.000000,+00128.000000
             Vertex   +00022.627417,-00022.627417,+00128.000000
             Vertex   +00032.000000,-00000.000001,+00128.000000
             Vertex   +00022.627417,+00022.627417,+00128.000000
             Vertex   +00000.000000,+00032.000000,+00128.000000
          End Polygon
          Begin Polygon Item=Cap
             Origin   +00000.000000,+00032.000000,-00128.000000
             Normal   +00000.000000,+00000.000000,-00001.000000
             TextureU -00000.382683,-00000.923880,-00000.000000
             TextureV -00000.923880,+00000.382683,+00000.000000
             Vertex   +00000.000000,+00032.000000,-00128.000000
             Vertex   +00022.627417,+00022.627417,-00128.000000
             Vertex   +00032.000000,-00000.000001,-00128.000000
             Vertex   +00022.627417,-00022.627417,-00128.000000
             Vertex   -00000.000003,-00032.000000,-00128.000000
             Vertex   -00022.627420,-00022.627413,-00128.000000
             Vertex   -00032.000000,+00000.000000,-00128.000000
             Vertex   -00022.627409,+00022.627424,-00128.000000
          End Polygon
       End PolyList
    End Brush
    Brush=Model'MyLevel.Model39'
    Name=Brush38
End Actor
End Map

`